1376317894260333957
-942543617403824422
-502330677315089816
-2595059713845804164
5206298567788047839
-3860280010437689718
-8496494083108711626
5732036240725019375
-2101159928435144178
-1914477399997946299
8062530925224815524
7116471870590409151
-4510322382379716519
-8318776371059526328
-99906406309570194
57369196455106796
4053694111902823182
-6577171448137764745
7244101738970575505
2464792280617911643
6008662742748591358
7826873619774261974
-4101353172934106670
-3606128854071556012
-8899303088967502337
7204850641141220881
3893265599377439543
-982133320567676926
895801853868076905
7834877197875290869
2285443679336931467
-393009596250646538
4659277488794763418
-8578280939308604939
-7593871823970650658
5475986632608600485
-8744286632209994894
1466436241903915942
-4204191856802388477
-4065338133892571931
-9207927023158894377
-386180615786645181
7355844203377915665
2627271259234420
7870686408711937331
4028692853594830121
-1817528699234783517
1698328562218029681
4053445682951640305
-2084241620026422436
4200654806832531352
2118310875723727073
-217339359731584765
2151682289438437889
-1289179209926282221
5995850235942709803
1770910344538872671
-8579016457921744414
4809212455342699643
-442829688802482788
-199821671988716675
5058243473066055405
8777378390988667581
2580321298426469349
1412392788357251803
2752899640093339829
8372009185898766085
-7840318071833768040
-1299872416132732551
6443106472658117359
557209518238164041
-2854142938540968530
-1001878127772927395
-2257666520713902601
2982893236427017406
-4788390319991005693
7523449998730629137
283711333970106185
2706488453968412256
-8466442187995698216
-8088409671090200288
5296836934934034952
-6488768602587302033
-3175159026069119407
-1234323499704206180
-4397185796725569670
3568830553939628780
6322778400122956021
-7092895854174529893
629473444596068233
2890448696943680801
-2305310813406471119
-6276092087260470091
-1738633640294733500
-524780415673763818
4970332294223601109
510102780829485704
-7376609296599714980
8560362915929706524
7925506836394750357
-3975523897050229195
6258814528919381159
-4616533905134559162
-6899685395800059511
6298582516463045856
4403661326286998689
1773346458821904107
-9091396155368401235
-7523958164014430413
-4157319799013284890
-8924252318936290778
-690151563634577054
-4961566863417139749
-8712303437655847751
-6848847431136973738
7102568343446401515
7196898570974275082
-8978573622298877055
9191212077086371998
-1044117721819881231
8937648463660039668
3151641300886200134
-4594886267025166490
3521034299095853056
-3337247525860677294
91656799206490680
4621381211776670424
-5426195314417628664
1407919703604313570
-1028615052058781143
297362071475606372
9063455484847467484
5122233631666544612
-5215995638275550962
-2530129823363945412
-8425017243835257674
3543802077578956446
-1266150108369072767
8425895614611455961
6249861270871019185
8314899282438783194
1563286938104308546
1626370317599921268
-136357642768896178
5889942537331855715
8147308273589982129
9007303887209025678
8910852932106702832
3289564698510146443
-8151430633879232938
8146061983995756392
-6288990674877501856
-4303789560915302488
4741391172236583258
-4089907261164345973
-5447930545329066679
2842023340902451091
400219229953952267
-7910596292349090494
6643989744025341116
4176448956630860583
1857979247629047132
122770114485515035
8806824584600007342
3531273980324459720
1842270545328873570
8322650719763044970
7761775470493336438
4451506719566018009
8731665076274301144
-5674668044245413434
7685795915975936591
845058191267937092
2237299202424774044
3669283972208140170
3715442031293051356
3530985296788521463
4618068624583040816
-8986924869911605675
4068512660676856991
569989243137968993
-4414039379147927494
-8014858890354200181
3540553017507294592
-6229706588115441159
-5800258900551166460
-3849436146492786223
1135174575840759884
-1520016460354593353
-6862651470584469252
7409873653454854548
4653304975040582196
5700351072920371353
-5249850433405168331
1454095992373229955
-6740984397526009270
-2697887927276256480
5966626282837953253
-6471196214670803695
-3088263641760460281
-7769861249497466672
-5384638601970942235
98516945834399476
5896462582319353288
5403466860766999732
-4984723203769296076
-6294875059919934039
4701954004688307532
-1743008354974157353
971710057432547188
-3190829316643106835
3050072798383766584
3147811593804768204
-8131556185565114005
-2116847720412415675
7153575970428877459
4420068819785571110
4281504495143525764
6358207626443515511
-6446989764081633974
-3390319863675614719
7859713031591462732
4813380102264994319
5475389352691549869
488989596884032632
5075179649719667189
2202667004437000411
7952719560313239280
6244111508142618924
-658589940330084138
-3735182434376948112
-5494926514714110805
-58911599363027516
-4954445334818066456
2974366033639238051
-8681975380111270565
8742592642321394535
-4450518390609861557
4017106288874545424
6006894730482316767
7040330118506623811
-8034263882679188289
-8918775439686271082
-6053042608384904453
2491418832594588426
2041622409459481132
-6131992631172134696
8481339408196202968
7682846711124857200
-7253783245953427430
7927382136891057598
-4900102864086220670
2725486259363539630
-1724729064366944967
-3520193729843181326
6264659780102887017
4545509180435528962
8706311299000312795
107899609080734564
9213114964256414944
-1556853979521333971
2015646018082165365
-2837333627727468346
2778463152530884513
-7441573220897658125
1258619611216239650
-8330296738655099887
3408116241553521992
-6844652070527585
-6591758725765562081
5195107560522636287
-4536749772525858861
-3305119773130555268
1985495295736037200
-2761141910583410
8274086951818069289
-2738201520521173155
-5776029336789359942
8470453398566523523
8520798281668636559
3535976320666968854
4721909057139484167
2936704492667351524
-3144303282878409164
3488073237468749312
-6345710208333946107
3485122376199751805
8181273929405181351
-8386120833161787271
-3365966736612666585
-7316743766643532963
-3166087183795609509
-4588356422672394910
6941114172324569090
148419524099331670
-7455495844985460950
-6552002183054211425
1832470182355960785
8993313753368813696
1608705956834472399
7791802551975954842
4335719247139748338
-2261108869154930506
-745801963838857366
-2327012128678812735
-2776011713650032793
-6444452953712881129
6920721567537809152
-688666778487148796
5894815484092769110
6730967577551751302
236526504572260345
2331200469562418775
7639174782639482762
-5504657933512735445
6198586386485926560
-3065443095638375882
-3402365060178317073
-7086879554576467216
7834290927991945383
58320037827994908
-9091176090184153063
220632167127573253
3791135067997238688
-2617124264302110709
3409082796398160318
-6234672235722604195
1856578433387786117
-5902732693509990649
-4829462294218184905
-3852502633324365521
-824936878467743952
-5553481638515200614
-2003837606357264636
-2407459729032416907
-7348237386881683228
1113177842181497682
5387546088381601093
-6094607775935755920
-7926081229852439358
7400793462575036479
-5607156798087130047
-7820732718189273822
4967816335261577045
1393951902507856246
7478083140908268771
8594477877734758866
7695800311314412039
8853585845010118032
-3902791554614141128
4046275894151045772
-6663481888477633623
4546742758804437291
-8591396359625968910
1172708086710518943
-1665141277750374161
5450653428723858280
5098726981638825960
-9104428038234047459
-522275264880763662
-2415933455117872533
6597435068758509204
-7870554187394938786
-1297774329717610068
-5478608835902634017
-3649468760736456557
7843839051448619133
-165402552385466241
8073504955669562735
205521154057998633
3811750642439788505
-5373530963742823761
3974760000676221262
5620941619316952506
2745041581559333526
2766999348609935843
3127823783236541104
3606082058101769810
-8556746505051231718
2393032601345917096
3091651206218061391
3654818092799350302
2467133951879594384
311275974604167918
-4739940916822938905
1004849602336130033
1274197191294012008
-6393169240802564471
-7019523470723469895
8950256760050127552
-693278432529753899
-7231128677853287503
-7129954366413983988
-614157499224382938
5702912467133884493
6050130154859541890
-221349687921617241
-7822624462905893151
-4964661699732111347
-4596731574420452739
-8857129166945677223
-6534150594964012205
-4927926532768536685
-7590459096884628219
-6557779140695504782
-3125409339228739582
599904358240611106
-3523338082401854493
837238074975746119
3567819399233922072
6564303119983161409
-3624705753758897469
-614732649594207567
1779012082150915555
-2974200766618723780
6490152503361440437
6372945534825046158
164200862903126
-3405686220836979038
-4150927576045475156
-7687166124667167425
-4456780468004691321
-3190120970226144827
-7385197943186106366
7492789117983761193
-6690735869839918545
2662032569882030909
-6459804397670848782
-3693658515781068748
1332604302134975021
-785683877947268507
-5025336049832350947
8237979271802358351
2535089657868860419
-6221565108612996387
-942291151496544250
8175365999441947626
-3676667615003575465
6418706407878428934
6631570453925749142
6055288074939490426
5593161968833197684
-6220884064476502391
-6060543940310805352
-7109346260438312712
7774064105824501446
-4601585418980823344
-3056859847765139650
1572340949230665826
-1035494065368655518
-3458839785123566708
-5882342332195188326
1610748577750448185
7873464718034325371
3263230675429310765
1408552589607575078
-1151078999727839998
3339029891813805806
8387294013726065517
-3109198117102763459
6257688019995921093
8940477500185369271
8786751422746859974
2814138444901400223
7417328400344398225
4043405128408632186
4170669680740054007
-8535029499025580047
8439603591645366774
8849509959199219707
-1555139441536512381
-2814693661074516165
6696290682074130825
4163644699299093926
-6026313698041198799
-4621522301149535640
7452311277352269668
-5433308059129495288
1150814125523403149
-2973029247006522167
3995302859194036387
3949385856647970387
-3862432395377124506
-8498334204930699373
6999473781211163880
-5065878476422557218
-8833413096385793714
5647492587870894684
8343312782319233751
1399727476622319779
-6347734872334716131
-4596474765778449502
5074929748675898523
-6016740004761999168
6003680173000771694
972830049505399108
5241770339418891359
2861695277707657718
-7558571112618605279
7873146472849582343
8296191179257786582
285668990593330733
634793621245373911
8762771706258774290
3607000966258387380
190605768565438958
-8905775561261216647
-622677352534738830
5909332171251350579
611902720664268007
-3032881724621171534
-735328059139217513
-9029122959390926961
4760494179812395627
8248854695026448496
4060331909040691413
-9128869603274397302
-8050344001727716880
3781793180228734055
-8412161972337530652
6555328240599755497
-6583215257378115697
4849681536197352590
-324755405445904543
-9101199507979093004
-4603950319026008953
-1387506425595932513
-1623103392090558645
-6954404282856107782
-4990050730476195911
4280130124267962523
-7682450703253246074
3202368119035571915
-3055890736156017107
-9053356461469116092
1376476051874628443
-3610719455534221508
-2641736263430280307
-1437773933723504478
-8426184859540342026
7927580573435757991
4602851323676109477
6276991003372300927
5517274076758946791
-3712162150109062296
4735500976386698729
8188552508805180651
9031651233599873442
141263010343230561
-8373035090925733905
1163666010475586744
2404337669715633663
1271171355644844919
8742017811479706608
3681313811597613566
-3652018625701709382
3249459270877542162
-1694149096746660276
779690041270113433
-7705282800169130764
-4606743125129132639
8964261819474371843
-8119311302839955290
-5827524333873100880
-5543105697549790700
5290681803867859004
-1291916630316629238
-3097585952882544041
-7718803958452197280
3078480619619160770
2727275494855568875
-6928584593509708236
-8917369634742488577
7706569558187811457
-6526113484975176396
-19773127258843655
-4286814320789872019
-206689272623130354
-6383720660891294954
8333133840756284985
-2243846961481976916
4485596335553956893
5950520067344141442
-2952539260201226773
2553967533877326529
1957144790157723144
6607426342232212911
8150889697914513133
-1254844972509930444
-9096969455982348721
178569123917313690
8202756064005668479
4020568499263359124
4001582323690877458
-3950927890703556735
3373503285575402948
-189469074139109135
-8429495833622100839
3681646391328873831
4806700486821397061
1203059513988567904
-2836277060081954867
3165255080111505044
2883216358884005485
-531426240862707845
-8715827123686818628
8552654873274197778
578478336058243597
36515263507600094
-1011508974050411496
-6292930354692373199
4440525046321513178
-4487021124525449813
-5327552192606611783
-4488035692337949181
8860175812224580842
-7574469039382632697
-903341542583218665
7546993322972838369
-7466764010944097477
8133738395648534939
7477716063869340880
3475587741994752228
-3310840057345652692
8621314711144013843
-5482920962481527000
881147301748512620
-6834341461495366142
-5098769100549324382
-4827429774758614140
5762433979233589917
7824123465149534053
-1478333292913258883
-2654570931345358098
2248008485475376349
327858664646227936
-1335901090499842981
8349961589126865300
4317440328771768920
4292775320533912676
5152117421629575932
-5662844933663422647
9145412561776663932
-675044092616490043
7024221404584052895
4855591138349486083
1622568939927868285
-4788233583151608004
-8606461727582474614
8674712045957518427
-2576678853454753582
3163481585664180963
2787954371114720645
-8399561177238513136
-5805317922648859210
-6776541574156939716
-4647946063770676641
-5514251579343137660
-4033601288804506968
4356758326071706795
6874967903994899048
6798373102719366461
7053789055235370219
7588615813537723895
3106685834025480181
276854102687173734
-675310018701475065
7377363938135021261
-6435329437738797344
2941047004240951627
8689403057276881222
-7562117750149727939
2092999012322330885
9041506447078288097
-6375535331912698312
-1998220290782833349
5293755537831584454
9028622208435089467
-6613710507229554897
5337981995939438879
463179771586772872
-7336076777758648042
6768100858023699652
5551914034214664741
5620093942593533492
-4044143244449323442
5873739911482337104
5836789299896900846
5288842128163300791
3429198752300665446
6309844191191935860
-5625235088461369858
-8742677378729201278
-1183833385605662203
-1445344377604176238
1088436233236582972
-6021964387726717430
934577081338924148
7961543798533237585
8042701437574289268
3252444142725881161
3033545104318376993
6478221754379505180
-4107281841227436840
-8323411060207117509
2752117434157078302
5977645377663031716
-1755649546178958469
-4414907864562787741
-8712374324114477150
4580249891198399322
2304737407057309397
3100728846984564803
8106560787853270151
5363194090689728502
-7567130490199212734
3694146888450781671
-593462515209340470
-3081425802555271181
-352469823512100733
-5418542894242062245
-3005880341593270001
-2261571580210471920
4531476140275174971
8584660064536847664
-2879599045967392229
6798856463472794064
-1373475370866556814
-2414353883984085252
-1815049885374815400
4006393219961245691
1498249249790336534
3584377672622669270
4475806906125738580
-8214021116954811621
-1078516991115324554
3762130131526168542
2802822085196463170
-2012963076715703808
3356231360060390085
667585666624904627
-7673662507512281481
7355794498942155324
3178147741441586333
8702285587504944891
2849279974114467566
-9038454305936970584
-6921823134997950343
-5423150818086613281
5369588610210012357
6769743713963348445
-3320919360683965127
-5632785893732513653
-4070585973684776770
8280031258419306172
-143491759178204766
-181376611492539469
-8417852321272752705
-2467895644883101465
-8947688805297857316
-4766535222150031095
4962233543866233170
7392024245544921925
4477709311975608050
3519238308503074504
7107287488893191206
6575987888426420866
-4819577287713547947
-8007450920233964244
249622439232293516
-5814904158724331124
2661601304611698522
-4665904391365649673
-5477703156256019206
-6534588991717949929
2445320238733291191
8440486046514022894
3271169295506759820
8832806138134893850
-5011432704654395382
406928178157308762
-2768978636409989250
3086410533223380816
-4178110288149432494
-1404693683054893944
-7898936650804559437
7453000977387085241
8690869915000816756
9094171462088264521
-1314836662421676751
5361628108774405654
-4607812132873272393
1135845150672925299
7718184896377820835
2530558545174165360
2941476201760132680
-3070913715108338082
148868821046819285
-614134304920385903
-7003952175185548617
-8597571625698461337
-1904766649978785220
-433110557434664311
-6499164604532288136
-6895713515024908176
-3897875223087080596
4761107102479110443
-7719447367305111197
-8936870304622370978
-6971165787514576481
-8546800842942422131
-676021429699397579
-5657686435982006886
9052264798415385141
-8203699494263215476
8087633679455625997
4036783916992805521
8245887528650193966
-24953519430974651
8637805342580589295
5250932817527527988
-353569400387567438
-8683676423012424803
-5588798700460568251
-2488330904897035911
4270310137321124745
-7553279001579114821
589412311036887128
-7190578785274909992
7545100767441251236
2246940459565717896
6808294318198272987
3936504204945668814
8785081091951797138
4147738615958888246
7837771560648624481
8412405377150155869
-2315231438391866869
2283776500090799542
5869961564371169506
196981138398481802
-672648435531308439
8635445081189577280
7158568945985787194
-2360269129671173154
-2025818889088273110
2630141235858279887
4241359665548383402
-434013013396664090
-3683705859190452112
4956607016461597090
1592763998370859349
3124150837076250291
-6171150182309128063
166495811304313789
-8533103662033231420
3417363442237226075
-9078431224240248761
2182561002601188198
-1801667216895211165
-5239217777476640138
8790919681730920912
-1379303897625508440
-2114861965374758654
-739685742946953311
974755734263369423
-7867453323315949101
-4095289403197241516
4960001425120935166
-6563568024591257319
-1781331975048188422
-672899678699474573
-6650927075219731789
-664530667522497751
5761536073234979699
-8099326924791721126
-3121459660320347034
-2066071853643159394
5480809854978704219
-3827476312609351574
-3052847438552519224
-1308869336334905672
2812419791378344720
1151336073026874342
4979874179104192263
1425384425150020830
8760638042461157557
-3812130789946355338
617650176429103449
-8914746939672439526
-5419860551029192783
-3982079517107171928
3528778106347236216
-6502738521625254757
-1138912338434962128
4116335992391016042
-6030492022788475359
-1516897798248192974
-7409697631029261152
-8839736699998026862
-3745716127474896748
3730679829404600534
7995099997215185974
-3525320285939574954
667599653934959895
-2766810958287330272
7795799243802605927
5451652401430738644
-5076529687536593549
1292346772005311695
-2605136638358655633
-6249493788880242036
-7554268609650567307
403573518087620422
-2534762002839551539
6182129878299770592
1902065466320527726
-3032083985845025271
334825504452461765
-3682737361895785317
-6804808936660791628
-3712167139790398908
-6409913492248109603
778327046814871911
5709059475612017695
2121616637547478084
-8838665845764427168
-2282307476196321195
6283634338173090957
-610443476608347141
5613060376460351966
3157722536164733529
3184213601848788318
1739764028035647872
6997860562290172586
-1569698093284335924
-6833407147781043464
-4809430198494583411
-4131747501650942374
-6171473572753423384
-7287939658119359164
-7353013089269775873
1942034728575757899
3185301916649375568
6838367050251179055
7341631987090721370
-9072485471504635877
-2541920688862095739
-1761859919909921750
-4978261933819605949
6540307186516191789
7954923300821811057
-2015057937221193045
4017206959941736451
-9169083417493960664
415971753166887136
3957465055821540010
5289574626295771403
7792861891161700216
5801428511767313154
-3095128501963255515
-8023111457978429846
6873584155544339404
7258841712412968939
-2238463410379478628
-7788411736121382055
2570758588912718742
8484344773449565204
-4630045138245731691
5851706426288793520
-8616168867176416114
4779915528782036695
-5899465632205002215
5703563599156082798
-590561368684697552
-6893592734067160330
907352526056450613
-66870344191449036
-611740128549337031
-5760330424402163948
3762702788176868730
-7082216913453733942
6508830946224954158
1284036764223403578
2726705587865475966
4842408101043138202
4333981822145282260
-1248741341076248492
-3528378221210247847
9088983172170378032
-6958250991279317319
-4249436316652424526
-1044116719547475415
-6267625325709196352
-6311837094441773910
-5700468579660760952
-952544046397142130
2624638333322340000
-48603941439569605
6249300057862620014
