-9192079589595279894
-9167676520646061066
-9151778704356871328
-9149974437839042667
-9113832449529515878
-9104770530358167067
-9103623453515389996
-9086113338889723743
-9070947474853810015
-9036043221873926065
-9027286105333915567
-9014518285141460173
-8968872551842499183
-8847006413848243618
-8832545071321934022
-8831575999529462110
-8830170960411247030
-8828215559255005395
-8819197693498594375
-8788473403180159278
-8785836103330658230
-8757816538348947337
-8732699076950899642
-8729292527627513067
-8718077131898233976
-8700201450651497571
-8699791062809141275
-8662744877340824836
-8651606092294128506
-8645129009776046676
-8638257764678444434
-8603931472807854568
-8572908757718384462
-8556107834143216541
-8539623308639299642
-8499286637221955183
-8468722938123736924
-8460533658054753765
-8458125432502790322
-8434794704461186976
-8426047397747558541
-8409768000749452760
-8409483770912414552
-8376878208738493076
-8347948407315021455
-8323454616713104704
-8306707183397088866
-8291083383126055233
-8252174550160261889
-8221504469285342274
-8216014761906844164
-8175927621767694996
-8159616879748400817
-8149121661246491297
-8132498545144311577
-8124070267010691680
-8075682953972836194
-8023225596573524384
-8012627204865544767
-7982362837542808121
-7972109684652109719
-7967306637834673193
-7967234159321265763
-7952494747807945564
-7940696594458100054
-7940248443182114770
-7922138128551512950
-7905054079886234931
-7880185652898506473
-7870107121747107833
-7842869840086795285
-7835102284246779833
-7824777769801103122
-7801017789488945013
-7773870543221564603
-7764447521391884828
-7707212321353241736
-7673031529652602991
-7668390229315197649
-7656662748875244075
-7627417392282134392
-7622949867604881955
-7598277933706183742
-7568529790980406458
-7515500385407162415
-7505213913442216035
-7497122446796614465
-7492553030588339364
-7470003816213423291
-7463623221040971338
-7458811519455605504
-7457733015116697371
-7449389752174202700
-7420587361006052391
-7417150972268618800
-7367540108727794320
-7346784149535503519
-7346098968569108609
-7315878931521992011
-7315498130869890596
-7299580915275403446
-7298334468670187774
-7289465921133382651
-7262988976864514219
-7251233624164472116
-7164949521431007149
-7163617253955573599
-7146643286451308451
-7132600067443164692
-7125732796560990448
-7125295136313366563
-7055974734950787872
-7036037458863532607
-7027487724266258352
-7018847327707989002
-7010229553382076838
-6996168131580769001
-6982174841693295210
-6975592594928834155
-6954231814901344033
-6951959745815815286
-6934514614276643295
-6933933910929072524
-6908442829411584984
-6883983028383995979
-6876342305310858846
-6842287419911003828
-6809199096607842532
-6802990152165254524
-6785873973190958081
-6781172423780792169
-6776543054670340791
-6776472785944123127
-6758627240146523476
-6756114322599049446
-6732902802957518823
-6712599927461721289
-6709093607555880616
-6690221944950267016
-6640224597749724240
-6625456651731314555
-6607098799605349025
-6594328146426071555
-6579121190482434001
-6576039305595691850
-6536268023328201068
-6522367164941611896
-6519293964267142004
-6510926910968840728
-6468434158493868055
-6435392012644918000
-6425040506433012748
-6420162301551157926
-6418495537020140756
-6393273612030537911
-6387275421328802587
-6353529643353071140
-6313824672836292329
-6300494019327899448
-6286460989682179582
-6256855499659583109
-6254040171566280765
-6226408166512315586
-6201896169683366147
-6195329293057270072
-6192036874604927683
-6176822657758487179
-6165598889377539066
-6144797441925483531
-6128715047737728471
-6120269002107049060
-6118969435417874341
-6082806830593210163
-6082616869165621998
-6082176779974279044
-6072672822875345745
-6067844045647490150
-6063939422213475852
-6052952852000830274
-6031861635613885227
-6025703621931692569
-5994831384634863412
-5967765743767704181
-5915027065021644105
-5884681380421738339
-5869928757293386489
-5865331875124846730
-5831078323651854408
-5815224643042926622
-5779672230249804660
-5773373804308014890
-5716601523405967087
-5671387861492675095
-5660243980257859441
-5646688877503565697
-5626358310844166898
-5613913955558005389
-5608066487619076463
-5592640040120632910
-5589044256687860148
-5582773000024742907
-5578446387210467020
-5562653706366213644
-5556212365756562164
-5525319558396195058
-5519935353470081382
-5499878300026103581
-5471349065768471028
-5470349954891017162
-5463537823714354992
-5417685823929766025
-5370227408574297556
-5341720023493006601
-5327138924532405118
-5318814927805166963
-5302716368660554276
-5278875725979681091
-5272787237426715217
-5261070104051708806
-5237563023995006088
-5221192877565144617
-5157709371545129183
-5139266677812042908
-5137958945169557441
-5119468168317244646
-5108653372212917361
-5083990683432747179
-5083131667517127774
-5072379694450261824
-5065588135853826131
-5057764485975947807
-5054689123700982536
-5041919738607758480
-5034309302981192387
-4985795668363304587
-4967070935787846191
-4937637539030622883
-4935460125149721773
-4932271924080369643
-4926087949500341212
-4898862529106084824
-4897500622776094616
-4826286042759906301
-4736547991444146643
-4720707353718760454
-4716121777307893264
-4677001653066672314
-4657741903433281491
-4646131768660487396
-4645792046097313425
-4634564115659430762
-4589285186876868169
-4585323005120838165
-4573240723307325390
-4542045016979816731
-4529393563492050492
-4505993537513862026
-4494190093316915966
-4470847998154618648
-4469107001241898365
-4452233102267225845
-4443304505077524268
-4383609330414274570
-4314217703204128612
-4310021927021464243
-4289127248608390063
-4247947016588525225
-4235019060808369658
-4228937972238973538
-4196408796689157702
-4144723242018966890
-4071008604683756408
-4046085545181913120
-3985820725988222387
-3976476117780515246
-3960729041641952676
-3959129391924725090
-3909898969188208317
-3846907339836646283
-3822116743188190327
-3811984883376806143
-3728559254941956274
-3697092509208195623
-3693928190041471190
-3690074595676405391
-3688475096444887690
-3678786838454921167
-3652032284601297872
-3649733573197263395
-3625358779839419988
-3613335304121110534
-3600902473105511960
-3592831561799537009
-3587754876834239655
-3578542758689549239
-3577455169318446940
-3576975266599899383
-3559412805414605702
-3555121144798071322
-3530275354432341206
-3525680206055775283
-3487300612985401518
-3459397136805582966
-3400337709355258665
-3399245499434481827
-3398548008355500654
-3390274254458004211
-3354187937699544588
-3342919195373870194
-3337830496911893912
-3316700196950706705
-3313988818561515003
-3197923018241015422
-3178992770622658204
-3172868019206902917
-3149817533514703667
-3133210783078646523
-3107139671638253284
-3103790499744187830
-3100764877947893726
-3099019706218579612
-3045023697243874415
-3025787406480125386
-3018187624057996046
-2985058508530791451
-2974047626473856787
-2962859854068200984
-2919882177551376770
-2873661364584762168
-2864736808123205454
-2828119881482703959
-2826460882627355396
-2792841643857439903
-2783949238442960918
-2782622491748559521
-2781324990501365184
-2773187275781901511
-2767923433073666675
-2763018681038275223
-2756590799834677186
-2743290190155928398
-2739249307354931165
-2738903348482800651
-2701807209467489041
-2684554935272815640
-2681322137455844524
-2669379157696736673
-2628630885367679714
-2605946184308128490
-2564664627209452942
-2556147604107046386
-2553119202518609866
-2550363387902623465
-2518273303010826523
-2505989554901896438
-2492810874996162488
-2486893042127778083
-2480229792648807251
-2476123463640046498
-2438335973373961216
-2436662998385267745
-2392869804023005523
-2371204433090464635
-2370246738738084561
-2368869087625969022
-2308149231458583728
-2296779616976844109
-2246352582839707463
-2224911195516801891
-2204282551799487965
-2196619316484970453
-2183431461487413662
-2176699808194725603
-2169947745749581861
-2165249075728836437
-2156617595190467445
-2024487024427900697
-1997910218597307676
-1978729780575608064
-1953436841872560981
-1939697006490550436
-1936268667134211938
-1906447717933347873
-1905113593021393142
-1893899925332091830
-1890660492827981379
-1865462026981900248
-1850648993680255863
-1848082010382002899
-1844908212455162247
-1840508570643732084
-1815551315555993242
-1789929693107160433
-1779214927371395634
-1774606900939206128
-1773421465137604473
-1704673251978668849
-1671581442310394778
-1630419405514728121
-1612308642497509052
-1605461545606874869
-1589159410776810818
-1565411065887027500
-1564182315448020623
-1532398993750524993
-1520543496565172228
-1472123654500428218
-1429025902529844108
-1428055624824929497
-1425452199009283848
-1423580637700673400
-1392946580289849948
-1362231421367671245
-1322927169022621900
-1295329907704042868
-1280170683533866078
-1264059191920712536
-1242175877451659058
-1240026012770314798
-1195758660085967450
-1173144263408517971
-1168106937299319436
-1150812878404395933
-1145609696646651201
-1126077358429820641
-1125769929271229020
-1116466909803200549
-1107689608736947625
-1093979883978503512
-1082518679792277210
-1076765565787991004
-1075646805237147771
-1068621190997162269
-1045049602650087463
-1038902262477255547
-1035607911910595252
-940136277353813510
-917113573156260742
-907221559485690833
-894076865049413939
-892639751924614880
-840707254190399505
-792887121716155926
-790523985167716136
-771872781987466497
-755732700904206849
-745737228573288040
-678634420147288363
-641097768162282009
-599264513429324295
-577367252302048772
-576954262160695310
-569948251900802462
-562673902452133850
-546228167583920463
-530280608152519545
-527586606968889239
-525329476135759323
-500355132056558717
-497906981698981104
-467755434872896368
-432561704338367207
-409385608384506993
-399976035474471124
-399784557943359216
-395294501610388846
-373477360208988303
-337758474932851045
-322681775924878361
-295049810272773851
-254407284432712703
-233400913582160352
-210978263496534913
-205426949182985517
-203256145689343011
-200604984642852333
-200555116402389870
-198757188789251273
-196958119353854524
-170944195561802621
-169905840214814360
-168908687292001783
-129019656910741913
-93524931662641979
-84112249116315245
-63108047835238789
-56147443808393774
-34939161002723176
-30845113153884182
-4061270141050445
27529669235440046
91668086231061111
106439285975559073
112968595668199439
129686979882143014
144798494767772671
153924023474279568
189793381953064692
231630957271457849
239162518551551516
242163547961443560
253992527826599108
278034302672760998
297085485877579475
299748124532530027
316215632603637879
320052482481678562
323545630263918125
345706273493515928
347555678083592644
355021103384506177
370066296029074891
377824983375316484
396785697436835451
438205875778472042
440540234724337061
443405976405820322
462325638569687520
482712213061581755
503856808322802788
511381930285876906
574927541082110157
579199837477555636
582959939958699320
604969269880730079
613105816363936283
652170956372839712
669507938420824490
772324607411619924
777546702936811973
797085879669560253
797517544208784462
817206802600893458
835757586404604823
855885929515532509
856922017887173943
869114591568065421
928258225404414099
942753904922931000
960713786555917435
963801350926468559
985914093565394805
988797601764458826
1041138796856888162
1058589952412162583
1069181510700669707
1122512676082398462
1163830711825375375
1187848187265596156
1191491314522282796
1201756474837367450
1208237473885347159
1292063289027211517
1297367732275849937
1297935287134454158
1298785137775936022
1301449881371684347
1301683754101130146
1313970779273048716
1323100735408137896
1356323367835578439
1365528347492878431
1388786050879480994
1433521464633528877
1444475580558458591
1474149722244153322
1475921331703977933
1478543573179479270
1535508748657224982
1557783083356799771
1577579493217226442
1585479052963916183
1605214239149735045
1663387700133408960
1678302931849147306
1680160100235779000
1681995880262784387
1691425806762359529
1697195051944609952
1719151609270185449
1749927024793860551
1759228791148539915
1775626613428994782
1792537393201368966
1812429855892207976
1855026746694146237
1902401662756279831
1970664194384012990
1997570411281055448
2001086717174976054
2001455862169464214
2004151367706970817
2005316335318270906
2011458477888212917
2015835933436792979
2015978077363041653
2056122809118132434
2064061725620992145
2090168867734136941
2125222121572518485
2126272019001945035
2128783207795131144
2135982073357922323
2145960887663272978
2171310426560913764
2177716932167346931
2185528751808062902
2203654142405663635
2238216195407307268
2257243212067500795
2369856717203528824
2379991271561529224
2386356173713606364
2405778526325206090
2409500424064129835
2436893189632800644
2446753012935443963
2453001699625419541
2459468458108640977
2518508435704676528
2579894101218769076
2586318545777557840
2598204285695408237
2633284638320364194
2673156627983040441
2689762576465482558
2691410331595089727
2709907099000228232
2720169157039576609
2727166270013394763
2741098855549899083
2764828899638469391
2797550078967500990
2810596342166695272
2851483407395248356
2889556045269047707
2891293458066788118
2905596510137340768
2909921486767152823
2928034585917599597
2931060590816743371
2947798470872876090
2973631193757913355
3017160311879322128
3019670684241314765
3037875846051023457
3065881220326297165
3082933711943654675
3101060146089373274
3106155230182596607
3176716967172152857
3180997423083227547
3186350471706364202
3199276964109882321
3201905756285186996
3246219402725251255
3247259249869757192
3254957347348058443
3273924961983158507
3275470941431522826
3287420935899611788
3296499636380797885
3300339119805328215
3309651498436792119
3340663226785287800
3346248732195297049
3351152413078313108
3354682475891028854
3364636956857706724
3379117120404748644
3400874527320306626
3418540822085159122
3421947213815137872
3452623367350027943
3467162640753337019
3477187644326353380
3479550322189770676
3516508340800297816
3604940027689395973
3648385883604777263
3653935908181373365
3672616935792654115
3692291795175101725
3708239865641880176
3751995965110529039
3760545341165324686
3766923159431620400
3766932978804300226
3773075906596573005
3788307882162411616
3847279127043308242
3858953358711158714
3873418165890676341
3877015859107955533
3880470924929637987
3903287540181277968
3910394631362959067
3921716928834000243
3933002560543700357
3933023716699344258
3974578485771527233
4036086394019415725
4037873246293966395
4050734679167749388
4070678657088157544
4078641476091194288
4096092652305485923
4102147539623590140
4113921456670505355
4113998948397785937
4134576523976497562
4139833833499839561
4159098363963152234
4164462349729063130
4178662993746480086
4252067753879550741
4252111024602821491
4253045988474810739
4264288770559647239
4270885398058103335
4279602949961574026
4281039278235648459
4287926753159916741
4289443572511251900
4310883286134672226
4332381640138330786
4334757297236490385
4348143686784179881
4370101956272344626
4385229462624122200
4402303967590743452
4431956691253378235
4440520151912276070
4447972818983249023
4456142300713509274
4485221060904623082
4514606119844308344
4515639086676942702
4520860295574575505
4572771726204086631
4580858597219248179
4584945601256112007
4618259687252326044
4620821945489952220
4668296083728898497
4710347945755924954
4726617064478899315
4731764006052177441
4735627904475138950
4765435359266046312
4861635337902743175
4874489497519373096
4893812485279407885
4906479906928740740
4940680636645413883
4965300495698457509
4997648400456386299
5025845260135011890
5046548043379553594
5083395851315222022
5094185896908785940
5095757634408178788
5111915206185005364
5112489891136332323
5112919474857008093
5138250478080159182
5162343870614222410
5164276529563171931
5170019814132947670
5174929479391044915
5203831719231615477
5219716494217934692
5236442098555080708
5239355661015225239
5287734551395008261
5317306780871948336
5326922947650384001
5344832356782618537
5379083617138069053
5392405194885054670
5412297128562645452
5414672844358132832
5428547889877220580
5461173852775010853
5493007036799778425
5547503760854638143
5556211808046400179
5556514860217179144
5557955997318001070
5571566877016681375
5618704073915061858
5653528513713254966
5660640318399890149
5663496828741381043
5671322582549337103
5679512472864102365
5681579080167525820
5687111597223483584
5756865632688448995
5797873731481963227
5801191315506210916
5862302476560304511
5863969164994016052
5868856092026202803
5896651329865872339
5908703110601001496
5913554059997061173
5913844922867249168
5947061715480369238
6016929050038966496
6017475922301557970
6017956831228400646
6026541019991353124
6027948979453018369
6056599971965209561
6064674142784296320
6074720517551933805
6078216226302209529
6081619690743250970
6086522416174358228
6098003329553934094
6113904715317453022
6164303926924530634
6194967910569997352
6225754800677451013
6234343784918948480
6237324427772750685
6237793809477575641
6262945119865924352
6264912729699021339
6275941090356926297
6359952025006268510
6372487420708291886
6379687653030923603
6405445500454001230
6424087610589459999
6425255470044718656
6426027221199107749
6430336325860679475
6435337424588758047
6445234175065938591
6488519304986570166
6522838866044840934
6529013497316166609
6529598577869717986
6538673257255789036
6539460797374469998
6551568928245183569
6561737958401261831
6605200337857470940
6616668157892759287
6627414922698421302
6697116473393910748
6724142943345342854
6733234777776171699
6746606773101984473
6755076556955083181
6766390265144371200
6777713660625909910
6791197182246425639
6856355356328914455
6861047866810303211
6900443762125127163
6916368154346242108
6922037784032822496
6923004966326382577
6926268702751477806
6979950257468849329
7010825838966493529
7020783761904752573
7026360476105936826
7042265311758307849
7044789637333290326
7051874603262651439
7065898740966366889
7068338388141398732
7076804524515677647
7083652120053389390
7088242106373742097
7103570975968152415
7111157672011026954
7121763467068329055
7153495101832319722
7160126167179282192
7168265512049608094
7178507062435111819
7208179115854811570
7214978434276207913
7256041914913955892
7265103341104194332
7266693586176968957
7275874034597892288
7300916200733346574
7319244575258911136
7366580803343126580
7369808797635220694
7381917538760550268
7398943412160474868
7401615404719312739
7440608606013493020
7443385579502928256
7491776746338046079
7494326687150579045
7530179177348325247
7545473358237773350
7547799256634290714
7557529526779300919
7557993893979280601
7560752175603398267
7569457019757126282
7572365630472979186
7573902584041403561
7595207353820636525
7651563919249906531
7665240098318153632
7688213850726939272
7715820501244395236
7733011249862718217
7735530113197202662
7749382781906687619
7753834746021817797
7764742263551937481
7809091970085611241
7820647435163969986
7879213285057841463
7884555388470603406
7890171093109179439
7928910653134611227
7930959166678100128
7943820280972998576
7963670709629875845
7976597122286329620
8014133165515979166
8023190387108271436
8050306432553560196
8091914741082064491
8093357765067689982
8196351750398327536
8202688705213672730
8203268273511366137
8235755871028573175
8240252574050233588
8254443838014409854
8268917429456618429
8278194754753144412
8345597617355306015
8373616025592225049
8380928285437932977
8393028679963343272
8437901008042321181
8442539253627038752
8502669155239503689
8512974488604335917
8528114596329763844
8537294340494766635
8540391678120482784
8566626123023647757
8572587494978419316
8575288384496121303
8600150486348430740
8604775771344908996
8609312657395103158
8688674191999677240
8705316072905044785
8710392403965534829
8710690015714712991
8734691301463367860
8737708377195525178
8755029093241087450
8755415162645820027
8778319655119333923
8782186755838009262
8816071000698232032
8835500064067066821
8839455659043601653
8841076397126020502
8841491550417791155
8852164738609208834
8859646440336347609
8864519418878846254
8866627081242188011
8869847702148868493
8912243873940552634
8933124873131953877
8938524489320614813
8946397472919150464
8973284182176708765
8989606292154957500
9001129711861624827
9008857935354189007
9009154711426415815
9056653706070696049
9062601829532436128
9107127005668775073
9110106711736100782
9159404692227380403
9176628340469808516
9187621414560221419
9191917633991617259
9208519285058265639
